0	3.8771432	0.19753668
0.001	3.8697344	0.19791432
0.002	3.8623216	0.19829304
0.003	3.8549084	0.19867212
0.004	3.8474956	0.1990516
0.005	3.8400724	0.19943304
0.006	3.8326416	0.1998162
0.007	3.8251936	0.20020268
0.008	3.8177448	0.20058968
0.009	3.8102692	0.20098176
0.01	3.8027656	0.20137908
0.011	3.7952616	0.20177684
0.012	3.787758	0.20217496
0.013	3.780238	0.20257632
0.014	3.7727152	0.2029786
0.015	3.765192	0.20338128
0.016	3.7576688	0.20378436
0.017	3.7501324	0.2041902
0.018	3.74259	0.20459744
0.019	3.7350328	0.20500788
0.02	3.7274676	0.20542012
0.021	3.7198788	0.20583724
0.022	3.7122524	0.20626176
0.023	3.7046256	0.20668676
0.024	3.6969988	0.20711216
0.025	3.689354	0.20754136
0.026	3.6817076	0.20797128
0.027	3.6740612	0.20840164
0.028	3.6664148	0.20883244
0.029	3.6587516	0.20926676
0.03	3.6510856	0.20970208
0.031	3.6434124	0.21013932
0.032	3.6357268	0.2105794
0.033	3.628022	0.21102372
0.034	3.620278	0.21147624
0.035	3.6125316	0.21192964
0.036	3.6047852	0.2123836
0.037	3.5970176	0.21284212
0.038	3.5892504	0.21330116
0.039	3.5814828	0.21376064
0.04	3.5737156	0.21422068
0.041	3.5659268	0.21468532
0.042	3.558138	0.21515052
0.043	3.5503472	0.21561664
0.044	3.5425364	0.2160874
0.045	3.5347096	0.21656212
0.046	3.5268364	0.21704704
0.047	3.5189588	0.2175334
0.048	3.5110788	0.2180208
0.049	3.5031808	0.21851252
0.05	3.4952828	0.2190048
0.051	3.4873844	0.21949764
0.052	3.4794836	0.21999168
0.053	3.4715648	0.22048996
0.054	3.4636456	0.2209888
0.055	3.4557268	0.2214882
0.056	3.4477904	0.22199212
0.057	3.4398372	0.22250028
0.058	3.431836	0.22301992
0.059	3.423828	0.2235416
0.06	3.4158156	0.22406496
0.061	3.4077856	0.22459272
0.062	3.3997556	0.22512116
0.063	3.3917256	0.22565016
0.064	3.3836892	0.22618124
0.065	3.3756372	0.22671644
0.066	3.3675852	0.22725224
0.067	3.3595328	0.22778868
0.068	3.3514684	0.2283288
0.069	3.343384	0.22887428
0.07	3.3352504	0.22943224
0.071	3.3271076	0.22999308
0.072	3.3189584	0.23055616
0.073	3.3107948	0.23112324
0.074	3.3026316	0.23169108
0.075	3.294468	0.2322596
0.076	3.2862952	0.23283096
0.077	3.2781108	0.23340576
0.078	3.2699264	0.23398128
0.079	3.261742	0.23455756
0.08	3.253552	0.23513596
0.081	3.2453368	0.23572168
0.082	3.2370684	0.23632176
0.083	3.2287848	0.23692656
0.084	3.2204908	0.23753476
0.085	3.2121816	0.2381476
0.086	3.2038724	0.2387612
0.087	3.1955632	0.23937564
0.088	3.1872384	0.23999464
0.089	3.1789036	0.24061716
0.09	3.1705684	0.24124048
0.091	3.1622336	0.2418646
0.092	3.1538984	0.24248952
0.093	3.1455352	0.2431232
0.094	3.1371192	0.24377244
0.095	3.1286828	0.24442832
0.096	3.120234	0.2450884
0.097	3.1117728	0.2457528
0.098	3.1033116	0.24641812
0.099	3.0948504	0.24708432
0.1	3.0863708	0.24775648
0.101	3.0778844	0.24843132
0.102	3.069398	0.24910708
0.103	3.060912	0.24978376
0.104	3.0524256	0.25046136
0.105	3.0439204	0.25114576
0.106	3.0353504	0.25185088
0.107	3.0267516	0.25256584
0.108	3.0181352	0.25328704
0.109	3.0095064	0.25401288
0.11	3.000878	0.2547398
0.111	2.9922492	0.25546776
0.112	2.983594	0.25620468
0.113	2.9749356	0.25694364
0.114	2.9662772	0.25768372
0.115	2.9576188	0.25842484
0.116	2.9489604	0.25916704
0.117	2.9402916	0.25991372
0.118	2.9315624	0.26068188
0.119	2.9228012	0.261462
0.12	2.9140236	0.26224856
0.121	2.9052388	0.26303876
0.122	2.8964536	0.26383012
0.123	2.887668	0.26462296
0.124	2.8788596	0.26542444
0.125	2.8700512	0.26622712
0.126	2.8612428	0.26703104
0.127	2.852434	0.26783616
0.128	2.8436256	0.26864248
0.129	2.8348148	0.26945092
0.13	2.825938	0.270285
0.131	2.8170168	0.27113668
0.132	2.808074	0.27199744
0.133	2.7991248	0.27286172
0.134	2.790176	0.27372736
0.135	2.781222	0.2745962
0.136	2.7722452	0.27547452
0.137	2.7632684	0.27635424
0.138	2.7542916	0.27723536
0.139	2.7453148	0.27811792
0.14	2.736338	0.27900184
0.141	2.7273612	0.2798872
0.142	2.7183344	0.28079432
0.143	2.7092544	0.2817244
0.144	2.700152	0.28266484
0.145	2.691046	0.28360816
0.146	2.68194	0.28455304
0.147	2.6728256	0.28550284
0.148	2.6636932	0.28646108
0.149	2.6545612	0.28742092
0.15	2.6454292	0.28838236
0.151	2.6362972	0.2893454
0.152	2.6271652	0.29031004
0.153	2.6180332	0.29127632
0.154	2.6088516	0.29226692
0.155	2.5995756	0.2933024
0.156	2.5902644	0.29435536
0.157	2.580952	0.29541072
0.158	2.5716396	0.296468
0.159	2.5623108	0.2975344
0.16	2.5529636	0.29861072
0.161	2.5436164	0.29968892
0.162	2.5342696	0.30076912
0.163	2.5249224	0.30185124
0.164	2.5155756	0.30293528
0.165	2.5062284	0.30402132
0.166	2.4968576	0.30512184
0.167	2.4874044	0.30626784
0.168	2.4779212	0.307431
0.169	2.4684384	0.3085964
0.17	2.4589552	0.30976396
0.171	2.4494548	0.31094232
0.172	2.4399444	0.31212804
0.173	2.4304336	0.313316
0.174	2.4209232	0.31450624
0.175	2.4114124	0.31569872
0.176	2.401902	0.31689344
0.177	2.3923912	0.31809044
0.178	2.3828672	0.31929776
0.179	2.3732384	0.32056996
0.18	2.363574	0.32186496
0.181	2.3539096	0.3231626
0.182	2.3442452	0.32446284
0.183	2.3345576	0.32577892
0.184	2.3248628	0.32710156
0.185	2.315168	0.32842692
0.186	2.3054728	0.32975492
0.187	2.295778	0.33108564
0.188	2.2860832	0.332419
0.189	2.2763884	0.33375504
0.19	2.2666856	0.33509924
0.191	2.2568924	0.33650756
0.192	2.247056	0.33794808
0.193	2.2372192	0.33939164
0.194	2.2273828	0.34083832
0.195	2.2175184	0.342306
0.196	2.2076516	0.34377832
0.197	2.1977848	0.34525384
0.198	2.187918	0.34673248
0.199	2.1780512	0.34821432
0.2	2.1681844	0.34969928
0.201	2.1583176	0.35118744
0.202	2.1484448	0.35268364
0.203	2.1384744	0.35426184
0.204	2.128442	0.35589372
0.205	2.1184096	0.35752936
0.206	2.1083752	0.3591704
0.207	2.0983112	0.36083752
0.208	2.0882472	0.36250844
0.209	2.0781832	0.36418328
0.21	2.0681196	0.36586196
0.211	2.0580556	0.36754448
0.212	2.0479916	0.36923088
0.213	2.037928	0.37092112
0.214	2.027862	0.3726174
0.215	2.017718	0.37439424
0.216	2.0075068	0.37624316
0.217	1.9972952	0.3780966
0.218	1.9870776	0.37996076
0.219	1.9768356	0.38185156
0.22	1.9665936	0.383747
0.221	1.956352	0.38564716
0.222	1.94611	0.38755204
0.223	1.935868	0.3894616
0.224	1.9256264	0.39137584
0.225	1.9153844	0.39329476
0.226	1.9051428	0.3952184
0.227	1.89483	0.39723532
0.228	1.8844512	0.39934356
0.229	1.874066	0.401466
0.23	1.8636708	0.403606
0.231	1.853258	0.405772
0.232	1.8428452	0.407944
0.233	1.8324324	0.4101216
0.234	1.8220196	0.4123048
0.235	1.8116068	0.414494
0.236	1.801194	0.4166892
0.237	1.7907812	0.41889
0.238	1.7803684	0.4210964
0.239	1.7699016	0.4233968
0.24	1.7593848	0.4257888
0.241	1.7488588	0.4282068
0.242	1.7383188	0.430652
0.243	1.727766	0.4331236
0.244	1.7172136	0.435602
0.245	1.7066608	0.4380876
0.246	1.6961084	0.4405804
0.247	1.6855556	0.4430804
0.248	1.6750032	0.4455872
0.249	1.6644504	0.4481012
0.25	1.6538976	0.450622
0.251	1.643304	0.4532456
0.252	1.6326684	0.4559784
0.253	1.6220192	0.4587596
0.254	1.6113568	0.4615776
0.255	1.6006876	0.4644188
0.256	1.590018	0.4672688
0.257	1.5793488	0.4701276
0.258	1.5686796	0.4729948
0.259	1.5580104	0.4758708
0.26	1.5473412	0.478756
0.261	1.536672	0.4816496
0.262	1.5260028	0.4845516
0.263	1.5153072	0.4875632
0.264	1.5045824	0.4907012
0.265	1.4938488	0.4938992
0.266	1.4831024	0.4971528
0.267	1.4723528	0.5004272
0.268	1.4616032	0.5037124
0.269	1.4508536	0.5070084
0.27	1.440104	0.5103152
0.271	1.4293544	0.5136324
0.272	1.4186048	0.5169604
0.273	1.4078552	0.5202996
0.274	1.3971056	0.5236492
0.275	1.3863464	0.5271104
0.276	1.3755764	0.5307368
0.277	1.3648068	0.534432
0.278	1.3540304	0.5382216
0.279	1.343254	0.5420272
0.28	1.3324776	0.545846
0.281	1.3217008	0.549678
0.282	1.3109244	0.5535236
0.283	1.3001476	0.5573828
0.284	1.2893712	0.5612552
0.285	1.2785948	0.5651408
0.286	1.267818	0.56904
0.287	1.2570496	0.5730812
0.288	1.2463012	0.5773176
0.289	1.2355588	0.581614
0.29	1.224828	0.586048
0.291	1.2140976	0.5904984
0.292	1.2033668	0.594966
0.293	1.192636	0.5994504
0.294	1.1819056	0.6039516
0.295	1.1711748	0.6084696
0.296	1.160444	0.6130044
0.297	1.1497136	0.617556
0.298	1.1389844	0.6221312
0.299	1.1282792	0.6268188
0.3	1.117632	0.6317296
0.301	1.1069968	0.6367028
0.302	1.0964024	0.641832
0.303	1.085808	0.6469816
0.304	1.0752136	0.6521516
0.305	1.0646192	0.6573424
0.306	1.0540252	0.662554
0.307	1.0434308	0.667786
0.308	1.0328364	0.6730384
0.309	1.022242	0.6783116
0.31	1.011654	0.6836216
0.311	1.0011024	0.6890436
0.312	0.990654	0.69471
0.313	0.9802352	0.7004704
0.314	0.9698732	0.706378
0.315	0.9595208	0.7123292
0.316	0.9491684	0.718306
0.317	0.9388164	0.7243076
0.318	0.928464	0.730334
0.319	0.9181116	0.7363856
0.32	0.9077596	0.742462
0.321	0.8974072	0.7485632
0.322	0.8870672	0.7547128
0.323	0.876766	0.7609576
0.324	0.8666036	0.7674368
0.325	0.8565004	0.774042
0.326	0.8464596	0.7807672
0.327	0.8364612	0.787576
0.328	0.8264632	0.794414
0.329	0.8164652	0.801282
0.33	0.8064672	0.8081792
0.331	0.7964688	0.815106
0.332	0.7864708	0.8220628
0.333	0.7764728	0.8290488
0.334	0.7665092	0.8361072
0.335	0.7566048	0.843268
0.336	0.7469208	0.8506916
0.337	0.7373784	0.8583104
0.338	0.7278844	0.8660156
0.339	0.7184656	0.8738216
0.34	0.7090468	0.8816624
0.341	0.699628	0.8895384
0.342	0.6902088	0.8974492
0.343	0.68079	0.9053952
0.344	0.6713712	0.913376
0.345	0.6619524	0.921392
0.346	0.652576	0.9294784
0.347	0.6432476	0.9376408
0.348	0.6341284	0.94598
0.349	0.6252028	0.9545012
0.35	0.6162912	0.963072
0.351	0.6074956	0.9717484
0.352	0.5987096	0.9804692
0.353	0.5899232	0.9892288
0.354	0.5811368	0.9980276
0.355	0.5723504	1.0068652
0.356	0.563564	1.015742
0.357	0.554778	1.0246576
0.358	0.54606	1.0336516
0.359	0.5373964	1.0427164
0.36	0.5289524	1.0519124
0.361	0.5208176	1.0613004
0.362	0.5126832	1.0707304
0.363	0.5046412	1.0802304
0.364	0.4966508	1.0897884
0.365	0.4886604	1.0993888
0.366	0.48067	1.1090308
0.367	0.4726796	1.1187152
0.368	0.4646892	1.1284416
0.369	0.4566984	1.13821
0.37	0.4487968	1.14805
0.371	0.440942	1.1579484
0.372	0.4332812	1.16793
0.373	0.4259612	1.1780396
0.374	0.4186416	1.1881928
0.375	0.4113812	1.1983924
0.376	0.4042276	1.20864
0.377	0.3970738	1.2189312
0.378	0.38992016	1.229266
0.379	0.38276652	1.2396444
0.38	0.37561288	1.2500668
0.381	0.36845928	1.2605324
0.382	0.361433	1.2710504
0.383	0.3544498	1.2816148
0.384	0.34771708	1.2922136
0.385	0.34150448	1.3028412
0.386	0.33529188	1.313512
0.387	0.3290908	1.324224
0.388	0.3230446	1.3349496
0.389	0.3169984	1.3457184
0.39	0.3109522	1.3565304
0.391	0.304906	1.3673856
0.392	0.2988598	1.378284
0.393	0.2928136	1.389226
0.394	0.28689824	1.4001908
0.395	0.28100764	1.4111944
0.396	0.27528508	1.4222008
0.397	0.2699778	1.4331348
0.398	0.26467056	1.4441108
0.399	0.25936332	1.4551288
0.4	0.25418408	1.4661352
0.401	0.24904028	1.4771684
0.402	0.24389652	1.4882428
0.403	0.23875272	1.4993588
0.404	0.23360896	1.5105164
0.405	0.22846516	1.5217148
0.406	0.22347548	1.5328988
0.407	0.21849656	1.5441196
0.408	0.21368884	1.555312
0.409	0.20932268	1.5663412
0.41	0.20496988	1.5774028
0.411	0.20061708	1.5885032
0.412	0.19633684	1.5995984
0.413	0.19213008	1.6106864
0.414	0.18792332	1.6218132
0.415	0.1837166	1.632978
0.416	0.17950984	1.6441812
0.417	0.17530744	1.6554204
0.418	0.171253	1.666614
0.419	0.16719856	1.6778452
0.42	0.16329204	1.68903
0.421	0.15974772	1.70002
0.422	0.1562266	1.7110308
0.423	0.15270548	1.7220772
0.424	0.1492102	1.7331384
0.425	0.14581204	1.7441584
0.426	0.14241384	1.7552132
0.427	0.13901564	1.7663028
0.428	0.13561744	1.7774276
0.429	0.13223448	1.7885756
0.43	0.12896088	1.7996776
0.431	0.12568732	1.810814
0.432	0.12254572	1.8218872
0.433	0.11975616	1.8327004
0.434	0.11701584	1.8435044
0.435	0.11427552	1.85434
0.436	0.11153516	1.8652072
0.437	0.10889732	1.8760076
0.438	0.10626792	1.8868308
0.439	0.10363852	1.8976852
0.44	0.10100912	1.9085712
0.441	0.09840452	1.9194656
0.442	0.09588988	1.9303096
0.443	0.09337924	1.9411808
0.444	0.09098584	1.9519788
0.445	0.08882992	1.962562
0.446	0.08672964	1.9731164
0.447	0.08462932	1.9836988
0.448	0.082529	1.99431
0.449	0.08048404	2.0048852
0.45	0.07847048	2.0154516
0.451	0.07645696	2.026046
0.452	0.07444344	2.0366684
0.453	0.07245828	2.0472876
0.454	0.0705364	2.057866
0.455	0.06863172	2.0684532
0.456	0.0668042	2.0789864
0.457	0.06515708	2.089324
0.458	0.063579	2.0996024
0.459	0.06200092	2.1099056
0.46	0.06042284	2.1202344
0.461	0.05887012	2.1305532
0.462	0.05736432	2.1408324
0.463	0.05585852	2.151136
0.464	0.05435268	2.1614644
0.465	0.0528788	2.1717768
0.466	0.05145208	2.1820528
0.467	0.05005244	2.1923192
0.468	0.04870764	2.2025408
0.469	0.04746972	2.2126316
0.47	0.04629692	2.2226512
0.471	0.04512416	2.2326936
0.472	0.04395136	2.2427584
0.473	0.04278168	2.2528408
0.474	0.0416568	2.2628712
0.475	0.04053192	2.272924
0.476	0.039407064	2.2829992
0.477	0.038307652	2.2930576
0.478	0.03723398	2.3030988
0.479	0.0361858	2.313124
0.48	0.035165404	2.3231292
0.481	0.034220368	2.3330276
0.482	0.033345056	2.3428276
0.483	0.03246974	2.3526484
0.484	0.031594428	2.3624896
0.485	0.030719116	2.3723516
0.486	0.02987452	2.3821736
0.487	0.029038672	2.3919984
0.488	0.02820282	2.4018432
0.489	0.027392968	2.411662
0.49	0.0266011	2.4214688
0.491	0.025838016	2.4312452
0.492	0.025092076	2.4410116
0.493	0.024391192	2.4507048
0.494	0.023753132	2.4602884
0.495	0.023115072	2.4698908
0.496	0.022477012	2.4795116
0.497	0.021838956	2.4891512
0.498	0.021214172	2.498778
0.499	0.020603092	2.5083908
0.5	0.019992016	2.518022
0.501	0.019401424	2.5276288
0.502	0.018820256	2.5372336
0.503	0.018263376	2.5468072
0.504	0.017713556	2.5563848
0.505	0.017190064	2.5659132
0.506	0.0167236	2.5753144
0.507	0.016257136	2.5847324
0.508	0.015790672	2.594168
0.509	0.015324212	2.6036208
0.51	0.01486272	2.613076
0.511	0.014420444	2.6224916
0.512	0.013978164	2.6319244
0.513	0.013558748	2.641314
0.514	0.013145828	2.6507036
0.515	0.012761444	2.660038
0.516	0.012379432	2.6693828
0.517	0.012010116	2.6787032
0.518	0.011687432	2.6878908
0.519	0.011364748	2.697094
0.52	0.01104206	2.7063128
0.521	0.010719376	2.7155476
0.522	0.010396692	2.724798
0.523	0.010088148	2.7340092
0.524	0.009780848	2.7432316
0.525	0.009489084	2.7524172
0.526	0.009200936	2.761606
0.527	0.008930284	2.7707536
0.528	0.008659628	2.7799164
0.529	0.008394468	2.789072
0.53	0.008165364	2.7980944
0.531	0.007937004	2.8071284
0.532	0.007708648	2.8161768
0.533	0.007480292	2.82524
0.534	0.007251932	2.8343176
0.535	0.00703118	2.8433708
0.536	0.006814836	2.8524156
0.537	0.006611748	2.8614172
0.538	0.006412328	2.8704176
0.539	0.006224276	2.8793848
0.54	0.00603622	2.888366
0.541	0.005850032	2.8973512
0.542	0.005691208	2.906204
0.543	0.005533928	2.9150624
0.544	0.005376648	2.923934
0.545	0.005219368	2.9328188
0.546	0.005062088	2.9417172
0.547	0.004907036	2.950614
0.548	0.004756684	2.9594928
0.549	0.004614116	2.9683416
0.55	0.004474796	2.9771864
0.551	0.004341056	2.9860148
0.552	0.00420732	2.9948564
0.553	0.004074064	3.0037072
0.554	0.003958324	3.0124472
0.555	0.003844928	3.0211832
0.556	0.003731532	3.0299316
0.557	0.003618132	3.0386928
0.558	0.003504736	3.0474664
0.559	0.003391668	3.0562504
0.56	0.003284804	3.064994
0.561	0.003183716	3.0737096
0.562	0.003086396	3.082412
0.563	0.002992608	3.0911028
0.564	0.00289882	3.099806
0.565	0.002805036	3.1085216
0.566	0.0027233	3.1171368
0.567	0.002644448	3.1257376
0.568	0.0025656	3.1343496
0.569	0.002486752	3.142974
0.57	0.0024079	3.15161
0.571	0.002329052	3.160258
0.572	0.002254136	3.1688752
0.573	0.002183592	3.1774616
0.574	0.002116428	3.1860304
0.575	0.002050972	3.1945952
0.576	0.001985512	3.203172
0.577	0.001920056	3.21176
0.578	0.001861556	3.220274
0.579	0.001805972	3.2287636
0.58	0.001750388	3.237264
0.581	0.0016948	3.245776
0.582	0.001639216	3.2542988
0.583	0.001583628	3.2628328
0.584	0.0015308	3.2713376
0.585	0.001481948	3.2797972
0.586	0.001436244	3.28823
0.587	0.001391268	3.2966648
0.588	0.001346292	3.3051108
0.589	0.001301316	3.3135672
0.59	0.0012615	3.3219476
0.591	0.001225072	3.3302816
0.592	0.001188648	3.3386256
0.593	0.001152224	3.3469804
0.594	0.0011158	3.3553456
0.595	0.001079376	3.3637212
0.596	0.001044256	3.3720832
0.597	0.001011672	3.3804044
0.598	0.00098146	3.3886976
0.599	0.00095134	3.3969996
0.6	0.00092122	3.4053116
0.601	0.000891104	3.413634
0.602	0.00086322	3.421912
0.603	0.000837556	3.4301468
0.604	0.000811896	3.4383912
0.605	0.000786232	3.4466456
0.606	0.000760568	3.4549096
0.607	0.000734908	3.4631836
0.608	0.000710156	3.471446
0.609	0.000687556	3.4796592
0.61	0.000666728	3.4878416
0.611	0.000645904	3.4960336
0.612	0.000625076	3.5042352
0.613	0.000604248	3.5124464
0.614	0.00058482	3.520622
0.615	0.000567492	3.52874
0.616	0.000550164	3.5368672
0.617	0.000532836	3.545004
0.618	0.000515508	3.55315
0.619	0.00049818	3.5613052
0.62	0.000481528	3.5694472
0.621	0.000466104	3.5775532
0.622	0.000451868	3.585628
0.623	0.000437628	3.5937124
0.624	0.000423392	3.6018056
0.625	0.000409152	3.6099076
0.626	0.000395568	3.6179912
0.627	0.000383512	3.626018
0.628	0.000371456	3.6340536
0.629	0.000359404	3.642098
0.63	0.000347348	3.6501512
0.631	0.000335296	3.6582136
0.632	0.00032376	3.6662608
0.633	0.000312964	3.6742812
0.634	0.00030304	3.6822656
0.635	0.000293116	3.6902588
0.636	0.000283192	3.6982608
0.637	0.000273268	3.7062712
0.638	0.00026372	3.7142672
0.639	0.000255728	3.7221768
0.64	0.000247736	3.7300948
0.641	0.000239744	3.7380216
0.642	0.000231752	3.7459564
0.643	0.000223764	3.7539
0.644	0.00021622	3.7618236
0.645	0.000209148	3.7697272
0.646	0.0002027	3.7775924
0.647	0.000196256	3.7854652
0.648	0.000189808	3.7933468
0.649	0.000183364	3.801236
0.65	0.000177028	3.8091236
0.651	0.000171664	3.8169308
0.652	0.000166312	3.8247452
0.653	0.000160956	3.832568
0.654	0.0001556	3.8403984
0.655	0.000150248	3.8482368
0.656	0.00014522	3.856054
0.657	0.000140504	3.8638532
0.658	0.000136108	3.8716252
0.659	0.000131768	3.8793976
0.66	0.000127428	3.8871776
0.661	0.000123092	3.8949656
0.662	0.00011878	3.9027576
0.663	0.000115184	3.9104616
0.664	0.000111624	3.9181692
0.665	0.000108064	3.925884
0.666	0.000104504	3.9336064
0.667	0.00010094	3.9413368
0.668	0.000097644	3.9490404
0.669	0.0000946	3.956722
0.67	0.000091676	3.9643916
0.671	0.000088836	3.9720532
0.672	0.000085996	3.9797224
0.673	0.000083156	3.9873988
0.674	0.000080316	3.9950828
0.675	0.000077856	4.002704
0.676	0.000075444	4.01032
0.677	0.000073032	4.017944
0.678	0.00007062	4.02558
0.679	0.00006822	4.033216
0.68	0.000065956	4.040836
0.681	0.000063852	4.048436
0.682	0.000061768	4.056036
0.683	0.000059776	4.06362
0.684	0.000057788	4.071212
0.685	0.000055796	4.078812
0.686	0.000053804	4.086416
0.687	0.000052084	4.09396
0.688	0.000050436	4.101492
0.689	0.000048784	4.109028
0.69	0.000047136	4.116576
0.691	0.000045508	4.12412
0.692	0.000043992	4.131648
0.693	0.000042584	4.139156
0.694	0.00004118	4.146668
0.695	0.00003984	4.154164
0.696	0.000038512	4.161664
0.697	0.00003718	4.169168
0.698	0.000035852	4.17668
0.699	0.000034672	4.184144
0.7	0.000033564	4.191588
0.701	0.000032456	4.19904
0.702	0.000031348	4.2065
0.703	0.000030256	4.21396
0.704	0.000029244	4.2214
0.705	0.000028284	4.228828
0.706	0.000027328	4.236264
0.707	0.0000264	4.243688
0.708	0.000025488	4.251112
0.709	0.00002458	4.258536
0.71	0.000023668	4.265972
0.711	0.000022856	4.27336
0.712	0.000022112	4.28072
0.713	0.000021364	4.288084
0.714	0.00002062	4.295456
0.715	0.000019896	4.302824
0.716	0.000019244	4.310164
0.717	0.000018628	4.317492
0.718	0.000018016	4.324824
0.719	0.000017412	4.332156
0.72	0.000016828	4.339476
0.721	0.000016248	4.3468
0.722	0.000015664	4.354136
0.723	0.000015132	4.361432
0.724	0.000014652	4.3687
0.725	0.000014168	4.375968
0.726	0.000013688	4.383248
0.727	0.00001322	4.390516
0.728	0.000012796	4.397764
0.729	0.000012388	4.405008
0.73	0.000011976	4.412256
0.731	0.000011572	4.419508
0.732	0.000011184	4.426744
0.733	0.000010796	4.433984
0.734	0.000010408	4.441232
0.735	0.000010044	4.448452
0.736	0.000009724	4.455632
0.737	0.000009404	4.46282
0.738	0.000009084	4.470012
0.739	0.000008776	4.477192
0.74	0.0000085	4.484348
0.741	0.000008232	4.491504
0.742	0.000007964	4.498664
0.743	0.000007696	4.505828
0.744	0.000007436	4.51298
0.745	0.000007184	4.520128
0.746	0.000006928	4.527284
0.747	0.000006684	4.534428
0.748	0.000006476	4.541524
0.749	0.000006264	4.548624
0.75	0.000006052	4.555728
0.751	0.000005848	4.562828
0.752	0.000005668	4.569904
0.753	0.000005484	4.57698
0.754	0.000005304	4.584064
0.755	0.000005124	4.591152
0.756	0.000004944	4.598236
0.757	0.000004772	4.605312
0.758	0.0000046	4.612396
0.759	0.000004432	4.619472
0.76	0.000004288	4.626488
0.761	0.000004148	4.633512
0.762	0.000004004	4.64054
0.763	0.000003872	4.647552
0.764	0.000003752	4.654544
0.765	0.000003632	4.66154
0.766	0.000003512	4.66854
0.767	0.000003392	4.675548
0.768	0.000003272	4.682556
0.769	0.00000316	4.689548
0.77	0.000003048	4.696548
0.771	0.000002936	4.703544
0.772	0.00000284	4.710484
0.773	0.000002744	4.717428
0.774	0.000002652	4.724376
0.775	0.000002564	4.731308
0.776	0.000002484	4.73822
0.777	0.000002404	4.74514
0.778	0.000002328	4.752064
0.779	0.000002248	4.758992
0.78	0.000002168	4.765928
0.781	0.000002092	4.772848
0.782	0.000002016	4.779772
0.783	0.00000194	4.786696
0.784	0.000001876	4.793568
0.785	0.000001816	4.80044
0.786	0.000001752	4.807316
0.787	0.000001692	4.814168
0.788	0.00000164	4.821004
0.789	0.000001588	4.827848
0.79	0.000001536	4.834696
0.791	0.000001484	4.841548
0.792	0.000001428	4.848408
0.793	0.00000138	4.855256
0.794	0.000001328	4.862096
0.795	0.00000128	4.86894
0.796	0.000001236	4.875728
0.797	0.000001196	4.882512
0.798	0.000001156	4.8893
0.799	0.00000112	4.896064
0.8	0.000001084	4.902816
0.801	0.000001052	4.909576
0.802	0.000001016	4.916336
0.803	0.000000984	4.923104
0.804	0.000000948	4.929876
0.805	0.000000916	4.936648
0.806	0.000000884	4.943408
0.807	0.000000852	4.950176
0.808	0.000000824	4.9569
0.809	0.000000796	4.963612
0.81	0.000000768	4.970328
0.811	0.000000744	4.977012
0.812	0.00000072	4.983696
0.813	0.0000007	4.990384
0.814	0.000000676	4.997076
0.815	0.000000652	5.003772
0.816	0.000000632	5.010472
0.817	0.000000608	5.017176
0.818	0.000000588	5.023864
0.819	0.000000564	5.030556
0.82	0.000000544	5.037212
0.821	0.000000528	5.043852
0.822	0.000000508	5.050488
0.823	0.000000496	5.0571
0.824	0.00000048	5.063708
0.825	0.000000464	5.070324
0.826	0.000000448	5.076944
0.827	0.000000432	5.083564
0.828	0.00000042	5.090192
0.829	0.000000404	5.096824
0.83	0.000000388	5.103448
0.831	0.000000376	5.110068
0.832	0.00000036	5.116664
0.833	0.000000348	5.123236
0.834	0.000000336	5.129812
0.835	0.000000328	5.136356
0.836	0.000000316	5.142908
0.837	0.000000304	5.14946
0.838	0.000000296	5.156016
0.839	0.000000284	5.16258
0.84	0.000000276	5.169144
0.841	0.000000264	5.175716
0.842	0.000000256	5.182276
0.843	0.000000244	5.188832
0.844	0.000000236	5.195356
0.845	0.000000228	5.201844
0.846	0.00000022	5.208328
0.847	0.000000216	5.21478
0.848	0.000000208	5.221236
0.849	0.0000002	5.2277
0.85	0.000000196	5.234164
0.851	0.000000188	5.240632
0.852	0.000000184	5.247108
0.853	0.000000176	5.253584
0.854	0.000000172	5.26006
0.855	0.000000164	5.266532
0.856	0.00000016	5.272984
0.857	0.000000152	5.279408
0.858	0.000000148	5.28582
0.859	0.000000144	5.292216
0.86	0.00000014	5.298612
0.861	0.000000136	5.305016
0.862	0.000000132	5.311424
0.863	0.000000128	5.317832
0.864	0.00000012	5.324248
0.865	0.000000116	5.330664
0.866	0.000000112	5.337088
0.867	0.000000108	5.343496
0.868	0.000000104	5.349892
0.869	0.0000001	5.356248
0.87	0.000000096	5.362592
0.871	0.000000096	5.368916
0.872	0.000000092	5.375248
0.873	0.000000088	5.38158
0.874	0.000000088	5.38792
0.875	0.000000084	5.39426
0.876	0.00000008	5.400608
0.877	0.000000076	5.406956
0.878	0.000000076	5.413308
0.879	0.000000072	5.419656
0.88	0.000000068	5.425988
0.881	0.000000068	5.432288
0.882	0.000000064	5.438568
0.883	0.000000064	5.444844
0.884	0.00000006	5.45112
0.885	0.00000006	5.4574
0.886	0.000000056	5.463684
0.887	0.000000056	5.469968
0.888	0.000000052	5.47626
0.889	0.000000052	5.482556
0.89	0.000000048	5.488852
0.891	0.000000048	5.495148
0.892	0.000000044	5.501428
0.893	0.000000044	5.507656
0.894	0.00000004	5.513856
0.895	0.00000004	5.520048
0.896	0.00000004	5.526244
0.897	0.00000004	5.532444
0.898	0.000000036	5.538644
0.899	0.000000036	5.544852
0.9	0.000000036	5.55106
0.901	0.000000032	5.557276
0.902	0.000000032	5.563492
0.903	0.000000032	5.569712
0.904	0.000000028	5.575916
0.905	0.000000028	5.582076
0.906	0.000000028	5.588204
0.907	0.000000028	5.594328
0.908	0.000000028	5.60046
0.909	0.000000024	5.606592
0.91	0.000000024	5.612728
0.911	0.000000024	5.618868
0.912	0.000000024	5.625008
0.913	0.000000024	5.631156
0.914	0.00000002	5.637304
0.915	0.00000002	5.64346
0.916	0.00000002	5.6496
0.917	0.00000002	5.655692
0.918	0.00000002	5.661744
0.919	0.000000016	5.667796
0.92	0.000000016	5.673856
0.921	0.000000016	5.679912
0.922	0.000000016	5.685976
0.923	0.000000016	5.692044
0.924	0.000000016	5.698112
0.925	0.000000016	5.704184
0.926	0.000000016	5.71026
0.927	0.000000012	5.71634
0.928	0.000000012	5.722412
0.929	0.000000012	5.728444
0.93	0.000000012	5.73444
0.931	0.000000012	5.740444
0.932	0.000000012	5.746444
0.933	0.000000012	5.752452
0.934	0.000000012	5.75846
0.935	0.000000012	5.764472
0.936	0.000000012	5.770488
0.937	0.000000008	5.776508
0.938	0.000000008	5.782532
0.939	0.000000008	5.788556
0.94	0.000000008	5.79458
0.941	0.000000008	5.800556
0.942	0.000000008	5.806488
0.943	0.000000008	5.812428
0.944	0.000000008	5.818368
0.945	0.000000008	5.824312
0.946	0.000000008	5.830256
0.947	0.000000008	5.836208
0.948	0.000000008	5.84216
0.949	0.000000008	5.848116
0.95	0.000000008	5.854072
0.951	0.000000008	5.860036
0.952	0.000000004	5.866
0.953	0.000000004	5.871916
0.954	0.000000004	5.877792
0.955	0.000000004	5.883672
0.956	0.000000004	5.889556
0.957	0.000000004	5.89544
0.958	0.000000004	5.901328
0.959	0.000000004	5.90722
0.96	0.000000004	5.913116
0.961	0.000000004	5.919012
0.962	0.000000004	5.924912
0.963	0.000000004	5.930816
0.964	0.000000004	5.93672
0.965	0.000000004	5.94258
0.966	0.000000004	5.948388
0.967	0.000000004	5.9542
0.968	0.000000004	5.960012
0.969	0.000000004	5.965828
0.97	0.000000004	5.971644
0.971	0.000000004	5.977468
0.972	0.000000004	5.983292
0.973	0.000000004	5.98912
0.974	0.000000004	5.994948
0.975	0.000000004	6.00078
0.976	0.000000004	6.006616
0.977	0.000000004	6.01242
0.978	0.000000004	6.018168
0.979	0.000000004	6.023924
0.98	0.000000004	6.02968
0.981	0.000000004	6.03544
0.982	0.000000004	6.041204
0.983	0.000000004	6.046968
0.984	0.000000004	6.052736
0.985	0.000000004	6.058504
0.986	0	6.06428
0.987	0	6.070056
0.988	0	6.075832
0.989	0	6.08158
0.99	0	6.087272
0.991	0	6.092968
0.992	0	6.098664
0.993	0	6.104364
0.994	0	6.110068
0.995	0	6.115772
0.996	0	6.12148
0.997	0	6.127192
0.998	0	6.132904
0.999	0	6.13862
1	0	6.144336
